4 0.255580 0.624504 0.164931 0.172950
4 0.436756 0.646329 0.125496 0.110119
4 0.428819 0.525298 0.111111 0.093585
4 0.833209 0.520007 0.088046 0.081019
4 0.840030 0.630456 0.093750 0.103505
5 0.263517 0.361111 0.158482 0.123677
5 0.267485 0.220734 0.166419 0.176257
5 0.434772 0.309193 0.097718 0.099206
5 0.438368 0.130456 0.098462 0.070437
5 0.696801 0.163029 0.077629 0.071429
5 0.706721 0.246858 0.089534 0.079034
5 0.565104 0.331680 0.081597 0.073413
5 0.063988 0.171131 0.125496 0.134590
4 0.703621 0.538194 0.105655 0.081019
